Listening to port 4567
Connected!!!
EKF init: 0.312243
 0.58034
 5.19994
       0
estimate0.312243
 0.58034
 5.19994
       0
ground_truth    0.6
    0.6
5.19994
      0
42["estimate_marker",{"estimate_x":0.312242686748505,"estimate_y":0.580339789390564,"rmse_vx":3.13323974587831e-06,"rmse_vy":0.0,"rmse_x":0.287757337093353,"rmse_y":0.0196602344512939}]
x_ = 0.840174
0.575763
 7.42696
-1.68867
P_ =   0.0409969   0.0409823  0.00310033  -0.0053552
  0.0409823   0.0421714 -0.00280072  0.00586065
 0.00310033 -0.00280072     144.943    -142.858
 -0.0053552  0.00586065    -142.858     141.005
estimate0.840174
0.575763
 7.42696
-1.68867
ground_truth  0.859997
  0.600045
   5.19975
0.00179686
42["estimate_marker",{"estimate_x":0.840173634142297,"estimate_y":0.575763223122598,"rmse_vx":1.57487683186034,"rmse_vy":1.19534285571409,"rmse_x":0.203957400924052,"rmse_y":0.0220921360308032}]
x_ 1.21152
 0.49133
 7.42696
-1.68867
x_ =  1.17934
0.485784
 7.15446
-1.42255
P_ =   0.0197826 -0.00205906    0.221767   -0.217529
-0.00205906    0.019728   -0.216795     0.21521
   0.221767   -0.216795       4.648    -4.40927
  -0.217529     0.21521    -4.40927      4.4217
estimate 1.17934
0.485784
 7.15446
-1.42255
ground_truth   1.11998
  0.600225
   5.19943
0.00538996
42["estimate_marker",{"estimate_x":1.17933658298497,"estimate_y":0.485784170937932,"rmse_vx":1.71100654576145,"rmse_vy":1.27758909266605,"rmse_x":0.170019575582079,"rmse_y":0.0684902425893995}]
x_ =   1.2809
0.559062
 5.01297
0.529179
P_ =   0.0104022  0.00342533   0.0230622  -0.0394634
 0.00342533  0.00291896  0.00449145 -0.00161184
  0.0230622  0.00449145     0.10986   -0.104165
 -0.0394634 -0.00161184   -0.104165    0.291611
estimate  1.2809
0.559062
 5.01297
0.529179
ground_truth  1.37996
 0.600629
  5.19898
0.0107781
42["estimate_marker",{"estimate_x":1.28090123501627,"estimate_y":0.559062203748209,"rmse_vx":1.48469113835989,"rmse_vy":1.13638033052849,"rmse_x":0.155347696447159,"rmse_y":0.0628500623544036}]
x_ 1.53155
0.585521
 5.01297
0.529179
x_ =  1.57634
0.594842
 5.10815
0.399642
P_ =  0.00820723  0.00077856   0.0185213  -0.0288452
 0.00077856  0.00298708 -0.00162917   0.0132806
  0.0185213 -0.00162917    0.108339  -0.0664124
 -0.0288452   0.0132806  -0.0664124    0.248855
estimate 1.57634
0.594842
 5.10815
0.399642
ground_truth   1.6399
 0.601347
  5.19839
0.0179597
42["estimate_marker",{"estimate_x":1.57633987942019,"estimate_y":0.594841592387595,"rmse_vx":1.3285612332224,"rmse_vy":1.03064272740458,"rmse_x":0.141825263909659,"rmse_y":0.0562900451903888}]
x_ =  1.84851
0.587129
 5.25962
0.273732
P_ =   0.00697966  0.000955507    0.0108227   -0.0167496
 0.000955507    0.0022373 -6.76776e-05   0.00766358
   0.0108227 -6.76776e-05    0.0568784    -0.027563
  -0.0167496   0.00766358    -0.027563       0.1362
estimate 1.84851
0.587129
 5.25962
0.273732
ground_truth  1.89982
  0.60247
  5.19766
0.0269323
42["estimate_marker",{"estimate_x":1.84850875132937,"estimate_y":0.587128732157989,"rmse_vx":1.21306870284141,"rmse_vy":0.946223389217241,"rmse_x":0.13115205833796,"rmse_y":0.0517658038686617}]
x_ 2.11149
0.600815
 5.25962
0.273732
x_ =  2.13224
0.607139
 5.29273
0.255945
P_ =  0.00601949 2.91487e-05   0.0104243  -0.0132975
2.91487e-05  0.00292204 -0.00127649   0.0131068
  0.0104243 -0.00127649    0.072704  -0.0183113
 -0.0132975   0.0131068  -0.0183113    0.139227
estimate 2.13224
0.607139
 5.29273
0.255945
ground_truth   2.1597
 0.604086
  5.19678
0.0376932
42["estimate_marker",{"estimate_x":2.1322414045829,"estimate_y":0.607139308472366,"rmse_vx":1.12366885408345,"rmse_vy":0.879907938510378,"rmse_x":0.121866066374139,"rmse_y":0.0479397187199079}]
x_ =  2.34974
0.639449
 5.16418
0.398336
P_ =   0.00559937  0.000191251   0.00726311  -0.00923021
 0.000191251   0.00254823 -0.000660121    0.0102671
  0.00726311 -0.000660121    0.0476562   -0.0132789
 -0.00923021    0.0102671   -0.0132789     0.107637
estimate 2.34974
0.639449
 5.16418
0.398336
ground_truth  2.41954
 0.606284
  5.19573
0.0502389
42["estimate_marker",{"estimate_x":2.34973615020962,"estimate_y":0.639449335746474,"rmse_vx":1.05115514428879,"rmse_vy":0.832228741279243,"rmse_x":0.116636151336785,"rmse_y":0.0463511790984572}]
x_ 2.60795
0.659366
 5.16418
0.398336
x_ =  2.61843
0.659864
 5.18053
0.386547
P_ =   0.00501573 -0.000223188   0.00791962  -0.00752773
-0.000223188   0.00329053  -0.00102917    0.0137424
  0.00791962  -0.00102917    0.0665025  -0.00905481
 -0.00752773    0.0137424  -0.00905481     0.116925
estimate 2.61843
0.659864
 5.18053
0.386547
ground_truth  2.67932
 0.609155
   5.1945
0.0645654
42["estimate_marker",{"estimate_x":2.6184261604993,"estimate_y":0.659864058475832,"rmse_vx":0.991049519618262,"rmse_vy":0.791939214641409,"rmse_x":0.111823449306979,"rmse_y":0.0468554650881477}]
x_ =  2.88874
0.664264
 5.22396
0.323884
P_ =   0.00483881 -5.65308e-05   0.00598053  -0.00557173
-5.65308e-05   0.00305335  -0.00093139    0.0118463
  0.00598053  -0.00093139    0.0461404   -0.0109198
 -0.00557173    0.0118463   -0.0109198       0.1026
estimate 2.88874
0.664264
 5.22396
0.323884
ground_truth 2.93904
0.612786
 5.19309
0.080668
42["estimate_marker",{"estimate_x":2.88873853271819,"estimate_y":0.664264064839324,"rmse_vx":0.94024279252887,"rmse_vy":0.755226040033167,"rmse_x":0.107271104354586,"rmse_y":0.0473380624459545}]
x_ 3.14994
0.680458
 5.22396
0.323884
x_ =  3.12318
0.674892
  5.1828
0.324551
P_ =   0.00445836 -0.000273202   0.00707848  -0.00469253
-0.000273202   0.00375179  -0.00112357      0.01454
  0.00707848  -0.00112357    0.0657824  -0.00811933
 -0.00469253      0.01454  -0.00811933     0.112491
estimate 3.12318
0.674892
  5.1828
0.324551
ground_truth  3.19869
 0.617267
  5.19147
0.0985415
42["estimate_marker",{"estimate_x":3.12317568780241,"estimate_y":0.674891521716207,"rmse_vx":0.896490139080411,"rmse_vy":0.723297005255499,"rmse_x":0.104782588862386,"rmse_y":0.0483637295525107}]
x_ =   3.41213
 0.615687
  5.24715
0.0281483
P_ =   0.00440402 -0.000158013   0.00548248  -0.00378212
-0.000158013   0.00363786  -0.00114295    0.0134485
  0.00548248  -0.00114295    0.0458119   -0.0106826
 -0.00378212    0.0134485   -0.0106826     0.105999
estimate  3.41213
 0.615687
  5.24715
0.0281483
ground_truth 3.45825
0.622685
 5.18963
 0.11818
42["estimate_marker",{"estimate_x":3.41212557312859,"estimate_y":0.615686892058715,"rmse_vx":0.858484562509205,"rmse_vy":0.692991691175437,"rmse_x":0.101201544424691,"rmse_y":0.0463487990676786}]
x_  3.67448
 0.617094
  5.24715
0.0281483
x_ =   3.71868
 0.556513
  5.33021
-0.215451
P_ =   0.00414042 -0.000285014   0.00678043  -0.00327736
-0.000285014   0.00426007  -0.00125396       0.0156
  0.00678043  -0.00125396    0.0657064  -0.00830565
 -0.00327736       0.0156  -0.00830565     0.114482
estimate  3.71868
 0.556513
  5.33021
-0.215451
ground_truth 3.71772
 0.62913
 5.18754
0.139576
42["estimate_marker",{"estimate_x":3.71868118527528,"estimate_y":0.556513441284697,"rmse_vx":0.825753873807274,"rmse_vy":0.673046722611057,"rmse_x":0.0972316628077037,"rmse_y":0.0488732810441583}]
x_ =    3.99962
  0.581127
   5.41861
-0.0865114
P_ =   0.00414362 -0.000213714   0.00520335  -0.00276836
-0.000213714   0.00430837 -0.000940849    0.0153335
  0.00520335 -0.000940849    0.0449549  -0.00829707
 -0.00276836    0.0153335  -0.00829707     0.113058
estimate   3.99962
  0.581127
   5.41861
-0.0865114
ground_truth 3.97708
0.636689
 5.18519
0.162724
42["estimate_marker",{"estimate_x":3.99961697279232,"estimate_y":0.581126911905356,"rmse_vx":0.798158048922793,"rmse_vy":0.651975720605594,"rmse_x":0.0938881460814467,"rmse_y":0.0493811331529903}]
x_   4.27055
  0.576801
   5.41861
-0.0865114
x_ =    4.27733
   0.57671
   5.42991
-0.0892653
P_ =   0.00394534 -0.000272062   0.00659203  -0.00236448
-0.000272062   0.00481871 -0.000968461    0.0168954
  0.00659203 -0.000968461    0.0650487  -0.00643693
 -0.00236448    0.0168954  -0.00643693     0.119042
estimate   4.27733
   0.57671
   5.42991
-0.0892653
ground_truth 4.23632
0.645449
 5.18256
0.187614
42["estimate_marker",{"estimate_x":4.2773296172201,"estimate_y":0.576709637703005,"rmse_vx":0.773734124612535,"rmse_vy":0.633912449792491,"rmse_x":0.0913204637067241,"rmse_y":0.050901279141846}]
x_ =     4.53447
   0.599591
    5.30162
-0.00439339
P_ =   0.00397947 -0.000236056    0.0051241  -0.00218953
-0.000236056   0.00501202 -0.000975814    0.0171509
   0.0051241 -0.000975814     0.044777  -0.00801311
 -0.00218953    0.0171509  -0.00801311     0.119673
estimate    4.53447
   0.599591
    5.30162
-0.00439339
ground_truth 4.49542
0.655498
 5.17962
0.214238
42["estimate_marker",{"estimate_x":4.53446941453959,"estimate_y":0.599591336961102,"rmse_vx":0.749785511664205,"rmse_vy":0.616211950172831,"rmse_x":0.0889578435530263,"rmse_y":0.0512284271864579}]
x_    4.79955
   0.599372
    5.30162
-0.00439339
x_ =  4.71983
0.675991
  5.1582
0.273073
P_ =   0.00382751 -0.000261915   0.00656122  -0.00187372
-0.000261915   0.00535875 -0.000956383     0.018023
  0.00656122 -0.000956383    0.0649073  -0.00625052
 -0.00187372     0.018023  -0.00625052     0.122975
estimate 4.71983
0.675991
  5.1582
0.273073
ground_truth 4.75437
0.666921
 5.17634
0.242587
42["estimate_marker",{"estimate_x":4.71983041521097,"estimate_y":0.675991026549907,"rmse_vx":0.727412088892732,"rmse_vy":0.597859127522819,"rmse_x":0.0867074961161783,"rmse_y":0.0497475381980971}]
x_ =  4.97166
0.675344
 5.02022
0.210386
P_ =   0.00388154 -0.000264779   0.00516163  -0.00200404
-0.000264779   0.00562442  -0.00134922    0.0185161
  0.00516163  -0.00134922    0.0450737  -0.00969938
 -0.00200404    0.0185161  -0.00969938       0.1244
estimate 4.97166
0.675344
 5.02022
0.210386
ground_truth 5.01315
0.679804
  5.1727
0.272649
42["estimate_marker",{"estimate_x":4.971656862993,"estimate_y":0.675344104677225,"rmse_vx":0.707830429579573,"rmse_vy":0.581199944457014,"rmse_x":0.0848303280456038,"rmse_y":0.0483573460827858}]
x_ 5.22267
0.685863
 5.02022
0.210386
x_ =  5.27268
0.672464
 5.10952
0.155899
P_ =   0.00376219 -0.000282412   0.00662083  -0.00175529
-0.000282412   0.00578842  -0.00126218     0.018759
  0.00662083  -0.00126218    0.0651233  -0.00754779
 -0.00175529     0.018759  -0.00754779     0.125614
estimate 5.27268
0.672464
 5.10952
0.155899
ground_truth 5.27175
0.694234
 5.16867
0.304413
42["estimate_marker",{"estimate_x":5.27267884362348,"estimate_y":0.672463773959507,"rmse_vx":0.689085202989934,"rmse_vy":0.566723597521572,"rmse_x":0.0825680554755316,"rmse_y":0.0473318346589045}]
x_ =  5.53402
0.679416
 5.25475
0.167576
P_ =  0.00382316 -0.00030078  0.00517554  -0.0019364
-0.00030078  0.00621144 -0.00147094   0.0198536
 0.00517554 -0.00147094   0.0449996 -0.00977066
 -0.0019364   0.0198536 -0.00977066    0.129359
estimate 5.53402
0.679416
 5.25475
0.167576
ground_truth 5.53013
0.710295
 5.16422
0.337868
42["estimate_marker",{"estimate_x":5.53401779017816,"estimate_y":0.679415999814241,"rmse_vx":0.67194217783591,"rmse_vy":0.553684771145448,"rmse_x":0.0804820856979901,"rmse_y":0.0466472299601846}]
x_ 5.79676
0.687795
 5.25475
0.167576
x_ =  5.83374
0.690515
 5.32001
0.168917
P_ =   0.00372174 -0.000299863    0.0066406  -0.00166553
-0.000299863    0.0061826  -0.00131459    0.0194645
   0.0066406  -0.00131459    0.0650276  -0.00748424
 -0.00166553    0.0194645  -0.00748424     0.128423
estimate 5.83374
0.690515
 5.32001
0.168917
ground_truth 5.78828
0.728072
 5.15932
0.372999
42["estimate_marker",{"estimate_x":5.83373622390363,"estimate_y":0.690515051008809,"rmse_vx":0.656685357517268,"rmse_vy":0.542173139955731,"rmse_x":0.0791663939132763,"rmse_y":0.0462548679191595}]
x_ =    6.07355
  0.633796
    5.1204
-0.0467046
P_ =   0.00378819 -0.000337468   0.00518472  -0.00191688
-0.000337468   0.00677103  -0.00154123     0.021123
  0.00518472  -0.00154123    0.0449093  -0.00969235
 -0.00191688     0.021123  -0.00969235      0.13399
estimate   6.07355
  0.633796
    5.1204
-0.0467046
ground_truth 6.04618
0.747647
 5.15393
0.409793
42["estimate_marker",{"estimate_x":6.07355083807696,"estimate_y":0.633795800568857,"rmse_vx":0.641626960856112,"rmse_vy":0.538574533912217,"rmse_x":0.0775661185871441,"rmse_y":0.0512975956841456}]
x_   6.32957
  0.631461
    5.1204
-0.0467046
x_ =  6.32722
0.723541
 5.10553
0.235884
P_ =   0.00369707 -0.000316778   0.00665085  -0.00160726
-0.000316778   0.00654092  -0.00132439    0.0200994
  0.00665085  -0.00132439    0.0649274  -0.00731169
 -0.00160726    0.0200994  -0.00731169     0.130962
estimate 6.32722
0.723541
 5.10553
0.235884
ground_truth 6.30379
0.769103
 5.14803
0.448233
42["estimate_marker",{"estimate_x":6.32722458038011,"estimate_y":0.723541155488241,"rmse_vx":0.627586101353718,"rmse_vy":0.52859402867277,"rmse_x":0.0760183207340397,"rmse_y":0.0510616140715727}]
x_ =   6.5775
0.752578
 5.05775
0.285287
P_ =   0.00376824 -0.000374264   0.00520009  -0.00193695
-0.000374264   0.00725289  -0.00165236    0.0221571
  0.00520009  -0.00165236    0.0449014  -0.00991195
 -0.00193695    0.0221571  -0.00991195       0.1377
estimate  6.5775
0.752578
 5.05775
0.285287
ground_truth  6.5611
0.792523
 5.14157
0.488305
42["estimate_marker",{"estimate_x":6.57749873394102,"estimate_y":0.752577981513629,"rmse_vx":0.614610480218751,"rmse_vy":0.51912121124669,"rmse_x":0.074492957976215,"rmse_y":0.0506471679154082}]
x_ 6.83039
0.766842
 5.05775
0.285287
x_ =  6.82328
0.751526
 5.04669
0.240407
P_ =   0.00368324 -0.000336737   0.00666466  -0.00159127
-0.000336737   0.00683365  -0.00137574    0.0205768
  0.00666466  -0.00137574    0.0648981  -0.00738126
 -0.00159127    0.0205768  -0.00738126     0.132954
estimate 6.82328
0.751526
 5.04669
0.240407
ground_truth 6.81808
0.817988
 5.13452
 0.52999
42["estimate_marker",{"estimate_x":6.82327921086836,"estimate_y":0.75152611489341,"rmse_vx":0.602448990346069,"rmse_vy":0.511919614811939,"rmse_x":0.0729952988423672,"rmse_y":0.0513733260860194}]
x_ =  7.06465
0.737182
 4.87424
0.146635
P_ =  0.00375679 -0.00040735  0.00520914 -0.00196262
-0.00040735  0.00767581 -0.00172518   0.0230558
 0.00520914 -0.00172518   0.0448777  -0.0100051
-0.00196262   0.0230558  -0.0100051    0.140941
estimate 7.06465
0.737182
 4.87424
0.146635
ground_truth 7.07469
0.845578
 5.12685
0.573269
42["estimate_marker",{"estimate_x":7.06464868655034,"estimate_y":0.737182033397383,"rmse_vx":0.592823427450335,"rmse_vy":0.508903759350835,"rmse_x":0.071604868159336,"rmse_y":0.0546774434539571}]
x_ 7.30836
0.744514
 4.87424
0.146635
x_ =  7.27709
0.814144
 4.81031
0.356925
P_ =  0.00367497 -0.00035346  0.00667137 -0.00157888
-0.00035346  0.00708138 -0.00139911   0.0209754
 0.00667137 -0.00139911   0.0648627 -0.00736803
-0.00157888   0.0209754 -0.00736803    0.134681
estimate 7.27709
0.814144
 4.81031
0.356925
ground_truth  7.3309
0.875373
 5.11851
0.618123
42["estimate_marker",{"estimate_x":7.27708778558389,"estimate_y":0.814143724040834,"rmse_vx":0.584757488554727,"rmse_vy":0.501914231361296,"rmse_x":0.0710254958877221,"rmse_y":0.0549340210142906}]
x_ =  7.57746
 0.82785
 5.15657
0.362126
P_ =   0.00375269 -0.000446801   0.00523213  -0.00204105
-0.000446801   0.00803325  -0.00189139     0.023791
  0.00523213  -0.00189139    0.0449663   -0.0105933
 -0.00204105     0.023791   -0.0105933     0.143557
estimate 7.57746
 0.82785
 5.15657
0.362126
ground_truth 7.58668
0.907449
 5.10946
0.664531
42["estimate_marker",{"estimate_x":7.57745818129692,"estimate_y":0.827850393503551,"rmse_vx":0.574289469856508,"rmse_vy":0.496172203117334,"rmse_x":0.0697674424436899,"rmse_y":0.0560022849176745}]
x_ 7.83529
0.845957
 5.15657
0.362126
x_ =  7.83253
0.805408
 5.15613
0.244319
P_ =   0.00367252 -0.000378925   0.00668937  -0.00162009
-0.000378925   0.00728296  -0.00150194    0.0212818
  0.00668937  -0.00150194    0.0649135  -0.00772418
 -0.00162009    0.0212818  -0.00772418     0.136048
estimate 7.83253
0.805408
 5.15613
0.244319
ground_truth 7.84199
0.941886
 5.09966
0.712469
42["estimate_marker",{"estimate_x":7.83253355507704,"estimate_y":0.805407678896458,"rmse_vx":0.564398484097075,"rmse_vy":0.495232331410021,"rmse_x":0.0685765123026172,"rmse_y":0.0605838069987583}]
x_ =  8.08039
0.822146
 4.97649
0.242931
P_ =   0.00374869 -0.000470596   0.00522308  -0.00204118
-0.000470596   0.00838357  -0.00184935     0.024569
  0.00522308  -0.00184935    0.0448472    -0.010168
 -0.00204118     0.024569    -0.010168      0.14635
estimate 8.08039
0.822146
 4.97649
0.242931
ground_truth  8.0968
0.978759
 5.08907
0.761915
42["estimate_marker",{"estimate_x":8.08039424139898,"estimate_y":0.822146132446118,"rmse_vx":0.555292659381842,"rmse_vy":0.496042369817494,"rmse_x":0.0674903813287319,"rmse_y":0.0660729320465091}]
x_ 8.32922
0.834293
 4.97649
0.242931
x_ =  8.31587
 0.83769
 4.95199
0.254423
P_ =   0.00366842 -0.000385642   0.00667865  -0.00157773
-0.000385642   0.00747894  -0.00143645    0.0216194
  0.00667865  -0.00143645    0.0648138  -0.00733965
 -0.00157773    0.0216194  -0.00733965     0.137492
estimate 8.31587
 0.83769
 4.95199
0.254423
ground_truth 8.35106
 1.01814
 5.07766
0.812843
42["estimate_marker",{"estimate_x":8.31586693216512,"estimate_y":0.837689552566269,"rmse_vx":0.546729010459253,"rmse_vy":0.498176489675639,"rmse_x":0.0666930437478903,"rmse_y":0.0726307610176563}]
x_ =  8.58989
0.927543
 5.23452
0.498438
P_ =  0.00374605 -0.00048868  0.00521973 -0.00203857
-0.00048868  0.00868827 -0.00186138   0.0252215
 0.00521973 -0.00186138   0.0448095  -0.0100966
-0.00203857   0.0252215  -0.0100966    0.148601
estimate 8.58989
0.927543
 5.23452
0.498438
ground_truth 8.60472
 1.06011
 5.06537
0.865226
42["estimate_marker",{"estimate_x":8.58988660565998,"estimate_y":0.927543214547381,"rmse_vx":0.538948756897445,"rmse_vy":0.49459920859089,"rmse_x":0.0656950612258674,"rmse_y":0.0752300105115949}]
x_ 8.85161
0.952465
 5.23452
0.498438
x_ =  8.83276
0.986953
 5.19716
0.599195
P_ =   0.00366586 -0.000391597   0.00667441  -0.00155095
-0.000391597   0.00764407  -0.00142269    0.0218858
  0.00667441  -0.00142269    0.0647801    -0.007242
 -0.00155095    0.0218858    -0.007242     0.138619
estimate 8.83276
0.986953
 5.19716
0.599195
ground_truth 8.85775
 1.10473
 5.05216
0.919037
42["estimate_marker",{"estimate_x":8.83275643226599,"estimate_y":0.986953054672945,"rmse_vx":0.531319967302808,"rmse_vy":0.490219706827494,"rmse_x":0.0648381978284916,"rmse_y":0.0768662025253294}]
x_ =   9.1252
 1.02509
  5.2446
0.617379
P_ =   0.00375111 -0.000537055   0.00526321  -0.00219396
-0.000537055   0.00896481  -0.00217588    0.0257847
  0.00526321  -0.00217588    0.0450662   -0.0114507
 -0.00219396    0.0257847   -0.0114507     0.150366
estimate  9.1252
 1.02509
  5.2446
0.617379
ground_truth  9.1101
 1.15208
 5.03798
0.974245
42["estimate_marker",{"estimate_x":9.12520012235672,"estimate_y":1.02509331803208,"rmse_vx":0.524646106471745,"rmse_vy":0.486819200852549,"rmse_x":0.0639300453584242,"rmse_y":0.0787967879321255}]
x_ 9.38743
 1.05596
  5.2446
0.617379
x_ =  9.36608
 1.05611
 5.20585
0.620439
P_ =   0.00367071 -0.000428813    0.0067086  -0.00166974
-0.000428813   0.00778788  -0.00164314     0.022091
   0.0067086  -0.00164314    0.0649566  -0.00815271
 -0.00166974     0.022091  -0.00815271     0.139411
estimate 9.36608
 1.05611
 5.20585
0.620439
ground_truth9.36172
1.20223
 5.0228
1.03082
42["estimate_marker",{"estimate_x":9.36608381652796,"estimate_y":1.05610597745632,"rmse_vx":0.518021697769295,"rmse_vy":0.484802497672492,"rmse_x":0.0630144633994617,"rmse_y":0.0814959583992328}]
x_ =  9.64744
 1.12978
 5.25599
0.741164
P_ =   0.00375771 -0.000587287   0.00529325  -0.00233977
-0.000587287   0.00921579  -0.00235985    0.0263057
  0.00529325  -0.00235985    0.0451883   -0.0121083
 -0.00233977    0.0263057   -0.0121083     0.152049
estimate 9.64744
 1.12978
 5.25599
0.741164
ground_truth9.61255
1.25524
5.00656
1.08873
42["estimate_marker",{"estimate_x":9.6474381170695,"estimate_y":1.12977941989077,"rmse_vx":0.512465169704906,"rmse_vy":0.481518759353173,"rmse_x":0.062404605731986,"rmse_y":0.0830320891707054}]
x_ 9.91024
 1.16684
 5.25599
0.741164
x_ = 9.92707
1.26221
5.27552
1.00682
P_ =    0.0036755 -0.000461956   0.00672863  -0.00175634
-0.000461956   0.00791635  -0.00175536    0.0222821
  0.00672863  -0.00175536    0.0650301  -0.00853828
 -0.00175634    0.0222821  -0.00853828     0.140182
estimate9.92707
1.26221
5.27552
1.00682
ground_truth9.86254
1.31118
4.98922
1.14794
42["estimate_marker",{"estimate_x":9.92707442287112,"estimate_y":1.26221332716431,"rmse_vx":0.507679086275798,"rmse_vy":0.4755334345861,"rmse_x":0.0624630098452718,"rmse_y":0.0822969972802486}]
x_ = 10.1725
1.34412
5.01803
 1.0691
P_ =   0.00377286 -0.000669294    0.0053717  -0.00261998
-0.000669294   0.00943944  -0.00279237     0.026733
   0.0053717  -0.00279237    0.0456079   -0.0139274
 -0.00261998     0.026733   -0.0139274     0.153248
estimate10.1725
1.34412
5.01803
 1.0691
ground_truth10.1117
1.37011
4.97074
1.20841
42["estimate_marker",{"estimate_x":10.1724571596458,"estimate_y":1.34412485037434,"rmse_vx":0.501013309982185,"rmse_vy":0.469778571728264,"rmse_x":0.0624199856323036,"rmse_y":0.0813162721004702}]
x_10.4234
1.39758
5.01803
 1.0691
x_ = 10.3934
1.42356
4.95989
1.14551
P_ =   0.00368797 -0.000523756   0.00678694  -0.00195902
-0.000523756   0.00802523  -0.00205317     0.022412
  0.00678694  -0.00205317    0.0653117  -0.00973708
 -0.00195902     0.022412  -0.00973708     0.140638
estimate10.3934
1.42356
4.95989
1.14551
ground_truth10.3598
 1.4321
4.95106
 1.2701
42["estimate_marker",{"estimate_x":10.3933844237155,"estimate_y":1.42356475557138,"rmse_vx":0.494550374858304,"rmse_vy":0.464145648820203,"rmse_x":0.061848920670535,"rmse_y":0.0802786237437658}]
x_ = 10.6234
1.49373
4.72607
1.15538
P_ =   0.00379253 -0.000761009    0.0054557  -0.00292132
-0.000761009   0.00961888  -0.00317466    0.0270539
   0.0054557  -0.00317466    0.0460097   -0.0154851
 -0.00292132    0.0270539   -0.0154851     0.154149
estimate10.6234
1.49373
4.72607
1.15538
ground_truth10.6069
1.49721
4.93014
1.33298
42["estimate_marker",{"estimate_x":10.6233824283741,"estimate_y":1.49373251266765,"rmse_vx":0.48939424076775,"rmse_vy":0.459166623523402,"rmse_x":0.0611262955294176,"rmse_y":0.0792706920466086}]
x_10.8597
 1.5515
4.72607
1.15538
x_ = 10.8411
1.51924
4.69713
1.06889
P_ =   0.00370304 -0.000589422   0.00684615    -0.002162
-0.000589422    0.0081091  -0.00230779    0.0224962
  0.00684615  -0.00230779    0.0655735   -0.0107375
   -0.002162    0.0224962   -0.0107375     0.140976
estimate10.8411
1.51924
4.69713
1.06889
ground_truth 10.853
1.56549
4.90794
1.39701
42["estimate_marker",{"estimate_x":10.841139106698,"estimate_y":1.5192403316202,"rmse_vx":0.484509002127596,"rmse_vy":0.45641827771801,"rmse_x":0.06040461285972,"rmse_y":0.0786304047066438}]
x_ = 11.1126
1.56155
4.88939
1.05059
P_ =   0.00380953 -0.000836361   0.00550597  -0.00313687
-0.000836361   0.00977045  -0.00335677    0.0273443
  0.00550597  -0.00335677    0.0461906   -0.0161859
 -0.00313687    0.0273443   -0.0161859     0.155081
estimate11.1126
1.56155
4.88939
1.05059
ground_truth11.0979
  1.637
 4.8844
1.46213
42["estimate_marker",{"estimate_x":11.1125611061736,"estimate_y":1.56154640467061,"rmse_vx":0.478706909946757,"rmse_vy":0.455401233922669,"rmse_x":0.0597240368027008,"rmse_y":0.0785561904310117}]
x_ 11.357
1.61408
4.88939
1.05059
x_ =  11.395
1.60776
4.95961
 1.0278
P_ =   0.00371444 -0.000637479   0.00687688  -0.00228435
-0.000637479    0.0081802  -0.00241406     0.022584
  0.00687688  -0.00241406     0.065683   -0.0111537
 -0.00228435     0.022584   -0.0111537     0.141387
estimate 11.395
1.60776
4.95961
 1.0278
ground_truth11.3416
1.71179
4.85948
1.52832
42["estimate_marker",{"estimate_x":11.394973254703,"estimate_y":1.60776076330988,"rmse_vx":0.473354155219501,"rmse_vy":0.456501182769277,"rmse_x":0.0595838252199807,"rmse_y":0.0792417330906352}]
x_ =  11.6264
 1.64875
 4.86343
0.991361
P_ =   0.00382154 -0.000891526   0.00552782  -0.00326739
-0.000891526   0.00992316  -0.00342146    0.0276719
  0.00552782  -0.00342146    0.0462387    -0.016431
 -0.00326739    0.0276719    -0.016431     0.156158
estimate 11.6264
 1.64875
 4.86343
0.991361
ground_truth 11.584
1.78992
4.83313
1.59551
42["estimate_marker",{"estimate_x":11.6264320151496,"estimate_y":1.64875365747505,"rmse_vx":0.467966515606053,"rmse_vy":0.460383010536577,"rmse_x":0.059248686953146,"rmse_y":0.08117562181612}]
x_ 11.8696
 1.69832
 4.86343
0.991361
x_ = 11.8532
1.71848
4.83048
1.04882
P_ =   0.0037214 -0.00066845   0.0068865 -0.00234187
-0.00066845  0.00825363 -0.00243694   0.0226995
  0.0068865 -0.00243694   0.0657075  -0.0112759
-0.00234187   0.0226995  -0.0112759    0.141871
estimate11.8532
1.71848
4.83048
1.04882
ground_truth11.8251
1.87144
4.80531
1.66366
42["estimate_marker",{"estimate_x":11.8531666020718,"estimate_y":1.71847584841808,"rmse_vx":0.462752882824887,"rmse_vy":0.464373921336655,"rmse_x":0.0587357646740537,"rmse_y":0.0834447453939849}]
x_ = 12.1139
1.80216
4.99094
1.15228
P_ =   0.00383172 -0.000937226   0.00555336  -0.00337638
-0.000937226     0.010054  -0.00352136    0.0279366
  0.00555336  -0.00352136    0.0463545   -0.0168833
 -0.00337638    0.0279366   -0.0168833     0.156966
estimate12.1139
1.80216
4.99094
1.15228
ground_truth12.0647
1.95639
4.77598
1.73273
42["estimate_marker",{"estimate_x":12.1138622045884,"estimate_y":1.80215703451043,"rmse_vx":0.458791370539154,"rmse_vy":0.467204141711804,"rmse_x":0.0585433857512697,"rmse_y":0.0856084213582758}]
x_12.3634
1.85977
4.99094
1.15228
x_ =  12.359
1.83286
4.98686
1.07942
P_ =  0.00372772 -0.00069532  0.00690143 -0.00239805
-0.00069532  0.00831504 -0.00249159   0.0227845
 0.00690143 -0.00249159   0.0657842  -0.0115637
-0.00239805   0.0227845  -0.0115637    0.142209
estimate 12.359
1.83286
4.98686
1.07942
ground_truth12.3029
2.04482
4.74508
1.80265
42["estimate_marker",{"estimate_x":12.3590022638397,"estimate_y":1.83285802916832,"rmse_vx":0.455252451903853,"rmse_vy":0.47409314886098,"rmse_x":0.0584927154247345,"rmse_y":0.090159762456216}]
x_ = 12.6186
1.88154
5.09378
1.07678
P_ =   0.00384071 -0.000977221   0.00557802  -0.00347614
-0.000977221    0.0101757     -0.00362    0.0281847
  0.00557802     -0.00362    0.0464728    -0.017333
 -0.00347614    0.0281847    -0.017333     0.157707
estimate12.6186
1.88154
5.09378
1.07678
ground_truth12.5394
2.13677
4.71257
1.87338
42["estimate_marker",{"estimate_x":12.6186403845358,"estimate_y":1.88154459811574,"rmse_vx":0.453833017526871,"rmse_vy":0.483013314412126,"rmse_x":0.0589982999346437,"rmse_y":0.0965218813683341}]
x_12.8733
1.93538
5.09378
1.07678
x_ = 12.8191
2.03355
4.98029
1.35097
P_ =   0.00373336 -0.000718915   0.00691637  -0.00245172
-0.000718915   0.00837179  -0.00254681    0.0228636
  0.00691637  -0.00254681    0.0658631   -0.0118515
 -0.00245172    0.0228636   -0.0118515     0.142509
estimate12.8191
2.03355
4.98029
1.35097
ground_truth12.7743
2.23227
4.67842
1.94485
42["estimate_marker",{"estimate_x":12.8190580466893,"estimate_y":2.03355005564124,"rmse_vx":0.451243576430383,"rmse_vy":0.485528949098724,"rmse_x":0.0587417309300888,"rmse_y":0.0996606456397236}]
x_ =   13.09
2.14068
5.12914
1.47579
P_ =   0.0038563 -0.00103557  0.00564847 -0.00366368
-0.00103557   0.0102749 -0.00390439   0.0283483
 0.00564847 -0.00390439   0.0468574  -0.0185757
-0.00366368   0.0283483  -0.0185757    0.158052
estimate  13.09
2.14068
5.12914
1.47579
ground_truth13.0075
2.33137
4.64258
2.01701
42["estimate_marker",{"estimate_x":13.0900025947248,"estimate_y":2.14067830634849,"rmse_vx":0.451976954725733,"rmse_vy":0.486705321674459,"rmse_x":0.0593111396387057,"rmse_y":0.102278191877639}]
x_13.3465
2.21447
5.12914
1.47579
x_ = 13.2968
2.29525
5.02551
 1.7015
P_ =   0.00374524 -0.000760427   0.00696666  -0.00258386
-0.000760427   0.00841404  -0.00273668    0.0228915
  0.00696666  -0.00273668     0.066121   -0.0126761
 -0.00258386    0.0228915   -0.0126761      0.14257
estimate13.2968
2.29525
5.02551
 1.7015
ground_truth13.2388
2.43409
  4.605
2.08981
42["estimate_marker",{"estimate_x":13.2968363216372,"estimate_y":2.29525051212654,"rmse_vx":0.451381127614453,"rmse_vy":0.484967894902267,"rmse_x":0.0592867902206905,"rmse_y":0.103119672303564}]
x_ = 13.4718
2.42126
4.61156
1.77658
P_ =  0.00388206 -0.00112031  0.00576649 -0.00395504
-0.00112031   0.0103533 -0.00432658   0.0284423
 0.00576649 -0.00432658    0.047472  -0.0203711
-0.00395504   0.0284423  -0.0203711    0.158093
estimate13.4718
2.42126
4.61156
1.77658
ground_truth13.4682
2.54047
4.56565
2.16317
42["estimate_marker",{"estimate_x":13.4717776124134,"estimate_y":2.42125569822581,"rmse_vx":0.447065190946198,"rmse_vy":0.483264789526648,"rmse_x":0.0587161011358697,"rmse_y":0.103452691995795}]
x_13.7024
2.51008
4.61156
1.77658
x_ = 13.7205
2.54824
4.63802
1.87664
P_ =   0.00376516 -0.000822577   0.00705088  -0.00279194
-0.000822577     0.008443  -0.00302124    0.0228775
  0.00705088  -0.00302124    0.0665271   -0.0138564
 -0.00279194    0.0228775   -0.0138564     0.142447
estimate13.7205
2.54824
4.63802
1.87664
ground_truth13.6955
2.65053
4.52448
2.23703
42["estimate_marker",{"estimate_x":13.7205208964678,"estimate_y":2.54824373042883,"rmse_vx":0.443102082142719,"rmse_vy":0.48123693543378,"rmse_x":0.0582608338728488,"rmse_y":0.103430749811007}]
x_ = 13.9417
2.64657
4.58114
1.88353
P_ =  0.00391527 -0.00121931  0.00590319 -0.00428856
-0.00121931   0.0104102 -0.00474565   0.0284866
 0.00590319 -0.00474565   0.0481331  -0.0221293
-0.00428856   0.0284866  -0.0221293    0.157998
estimate13.9417
2.64657
4.58114
1.88353
ground_truth13.9208
 2.7643
4.48147
2.31134
42["estimate_marker",{"estimate_x":13.9416627302563,"estimate_y":2.64657116391696,"rmse_vx":0.439189610119869,"rmse_vy":0.480301564884049,"rmse_x":0.0577887107844734,"rmse_y":0.103713341202613}]
x_14.1707
2.74075
4.58114
1.88353
x_ = 14.1694
2.81486
4.56427
2.08254
P_ =   0.0037899 -0.00089306   0.0071456 -0.00301972
-0.00089306  0.00846016 -0.00329952   0.0228418
  0.0071456 -0.00329952   0.0669572  -0.0149975
-0.00301972   0.0228418  -0.0149975    0.142264
estimate14.1694
2.81486
4.56427
2.08254
ground_truth14.1439
2.88179
4.43656
2.38601
42["estimate_marker",{"estimate_x":14.1694386844453,"estimate_y":2.81485807763118,"rmse_vx":0.435519203571134,"rmse_vy":0.477671104588968,"rmse_x":0.0573648069406336,"rmse_y":0.103161705159719}]
x_ =  14.423
2.92152
4.73883
2.11216
P_ =  0.00395407 -0.00132572  0.00605062 -0.00463484
-0.00132572   0.0104556 -0.00514487   0.0285127
 0.00605062 -0.00514487   0.0488185  -0.0238075
-0.00463484   0.0285127  -0.0238075    0.157851
estimate 14.423
2.92152
4.73883
2.11216
ground_truth14.3646
3.00303
4.38974
2.46099
42["estimate_marker",{"estimate_x":14.4230318006018,"estimate_y":2.92151632956905,"rmse_vx":0.434126736216458,"rmse_vy":0.475676469072306,"rmse_x":0.0573836669780223,"rmse_y":0.102815098485237}]
x_  14.66
3.02712
4.73883
2.11216
x_ = 14.6315
2.99055
4.69391
2.01942
P_ =   0.00381798 -0.000966828   0.00724546  -0.00324824
-0.000966828   0.00847116  -0.00356099    0.0227992
  0.00724546  -0.00356099    0.0674003   -0.0160809
 -0.00324824    0.0227992   -0.0160809     0.142051
estimate14.6315
2.99055
4.69391
2.01942
ground_truth 14.583
3.12802
4.34097
 2.5362
42["estimate_marker",{"estimate_x":14.631460730029,"estimate_y":2.99054979992526,"rmse_vx":0.43283372313962,"rmse_vy":0.476428140397922,"rmse_x":0.0572391103280592,"rmse_y":0.103523204807184}]
x_ = 14.8655
3.13914
4.73834
2.16053
P_ =  0.00398683 -0.00141243  0.00614254 -0.00489054
-0.00141243   0.0105048 -0.00533918   0.0285962
 0.00614254 -0.00533918   0.0491655  -0.0246462
-0.00489054   0.0285962  -0.0246462    0.158041
estimate14.8655
3.13914
4.73834
2.16053
ground_truth14.7989
3.25679
4.29021
2.61157
42["estimate_marker",{"estimate_x":14.8655407752506,"estimate_y":3.13913704435959,"rmse_vx":0.433101945086283,"rmse_vy":0.476001899179317,"rmse_x":0.057414259509833,"rmse_y":0.103783062932062}]
x_15.1025
3.24716
4.73834
2.16053
x_ = 15.0776
3.34854
4.67114
2.43508
P_ =  0.00383942 -0.00102144  0.00730135 -0.00339559
-0.00102144  0.00848764 -0.00367655   0.0228024
 0.00730135 -0.00367655   0.0676181  -0.0166035
-0.00339559   0.0228024  -0.0166035    0.142058
estimate15.0776
3.34854
4.67114
2.43508
ground_truth15.0122
3.38932
4.23744
2.68703
42["estimate_marker",{"estimate_x":15.0776422268771,"estimate_y":3.34853579159612,"rmse_vx":0.433112148019543,"rmse_vy":0.473089178115694,"rmse_x":0.0575596486248352,"rmse_y":0.103036705393706}]
x_ = 15.2903
 3.4953
4.46151
2.46712
P_ =  0.00403004 -0.00151608  0.00631252 -0.00521897
-0.00151608   0.0105338 -0.00576169   0.0285712
 0.00631252 -0.00576169   0.0500252  -0.0265008
-0.00521897   0.0285712  -0.0265008    0.157606
estimate15.2903
 3.4953
4.46151
2.46712
ground_truth15.2228
3.52563
4.18263
2.76249
42["estimate_marker",{"estimate_x":15.29028558349,"estimate_y":3.49529852181073,"rmse_vx":0.4309941513061,"rmse_vy":0.470677474719771,"rmse_x":0.0577388745899682,"rmse_y":0.102249485829017}]
x_15.5134
3.61865
4.46151
2.46712
x_ = 15.5049
3.69766
4.42781
2.67835
P_ =  0.00387093 -0.00109384  0.00741865 -0.00361872
-0.00109384   0.0084891 -0.00395713   0.0227308
 0.00741865 -0.00395713   0.0681873  -0.0178334
-0.00361872   0.0227308  -0.0178334     0.14166
estimate15.5049
3.69766
4.42781
2.67835
ground_truth15.4306
3.66572
4.12575
2.83789
42["estimate_marker",{"estimate_x":15.5048703080866,"estimate_y":3.69765839790985,"rmse_vx":0.429192910472949,"rmse_vy":0.467250270296984,"rmse_x":0.0580472280492417,"rmse_y":0.101490334209414}]
x_ = 15.7189
3.80917
4.36544
2.60579
P_ =  0.00408214  -0.0016305   0.0065146 -0.00558609
 -0.0016305   0.0105465  -0.0062139   0.0284986
  0.0065146  -0.0062139   0.0510082  -0.0284473
-0.00558609   0.0284986  -0.0284473    0.157009
estimate15.7189
3.80917
4.36544
2.60579
ground_truth15.6355
3.80957
4.06678
2.91315
42["estimate_marker",{"estimate_x":15.7188808203477,"estimate_y":3.80916932894452,"rmse_vx":0.427403953078325,"rmse_vy":0.465107667837287,"rmse_x":0.058541744568175,"rmse_y":0.100668549589752}]
x_15.9372
3.93946
4.36544
2.60579
x_ = 15.9409
3.96053
4.36734
2.66071
P_ =  0.00390873 -0.00117357  0.00755671 -0.00386568
-0.00117357  0.00848078 -0.00425582   0.0226331
 0.00755671 -0.00425582   0.0688304  -0.0191117
-0.00386568   0.0226331  -0.0191117    0.141175
estimate15.9409
3.96053
4.36734
2.66071
ground_truth15.8375
3.95719
4.00571
2.98817
42["estimate_marker",{"estimate_x":15.9409447909096,"estimate_y":3.96053117042152,"rmse_vx":0.426439236304334,"rmse_vy":0.463242347902732,"rmse_x":0.0595204972281687,"rmse_y":0.0998672867772011}]
x_ = 16.1413
4.09004
4.15292
2.60694
P_ =  0.00413116 -0.00173258  0.00667085 -0.00589798
-0.00173258   0.0105609 -0.00650274   0.0284768
 0.00667085 -0.00650274   0.0516763  -0.0297118
-0.00589798   0.0284768  -0.0297118    0.156749
estimate16.1413
4.09004
4.15292
2.60694
ground_truth16.0363
4.10854
3.94251
 3.0629
42["estimate_marker",{"estimate_x":16.1412793949625,"estimate_y":4.09003507263249,"rmse_vx":0.42391132272451,"rmse_vy":0.463129342006471,"rmse_x":0.0604946258819203,"rmse_y":0.099111009312473}]
x_16.3489
4.22038
4.15292
2.60694
x_ = 16.3335
4.30597
4.10261
2.83551
P_ =  0.00394198 -0.00124023  0.00765688 -0.00405728
-0.00124023  0.00847641 -0.00443776   0.0225772
 0.00765688 -0.00443776   0.0692599  -0.0199258
-0.00405728   0.0225772  -0.0199258    0.140914
estimate16.3335
4.30597
4.10261
2.83551
ground_truth16.2319
4.26363
3.87716
3.13723
42["estimate_marker",{"estimate_x":16.3334515550062,"estimate_y":4.30597252286972,"rmse_vx":0.421566317850223,"rmse_vy":0.461074289471489,"rmse_x":0.0613352862771975,"rmse_y":0.0984857908146685}]
x_ =  16.549
4.44973
4.12791
2.84028
P_ =  0.00418469 -0.00183595  0.00685914 -0.00621629
-0.00183595   0.0105621 -0.00685577   0.0283987
 0.00685914 -0.00685577   0.0525691  -0.0312775
-0.00621629   0.0283987  -0.0312775    0.156181
estimate 16.549
4.44973
4.12791
2.84028
ground_truth16.4242
4.42242
3.80966
3.21109
42["estimate_marker",{"estimate_x":16.54903714301,"estimate_y":4.44972864430503,"rmse_vx":0.420190437936956,"rmse_vy":0.459838752319209,"rmse_x":0.0627800162593925,"rmse_y":0.0977946065616519}]
x_16.7554
4.59174
4.12791
2.84028
x_ = 16.7239
4.63129
4.05855
2.95064
P_ =  0.00397944 -0.00130985  0.00778244 -0.00426352
-0.00130985  0.00846359 -0.00466744   0.0224859
 0.00778244 -0.00466744   0.0698463  -0.0209587
-0.00426352   0.0224859  -0.0209587     0.14046
estimate16.7239
4.63129
4.05855
2.95064
ground_truth 16.613
 4.5849
   3.74
3.28438
42["estimate_marker",{"estimate_x":16.7238779023739,"estimate_y":4.63129389674357,"rmse_vx":0.418854780139135,"rmse_vy":0.45821192099914,"rmse_x":0.0637654357559807,"rmse_y":0.0972274073818379}]
x_ = 16.8852
4.77536
3.68422
2.86314
P_ =  0.00423958 -0.00193556  0.00704564 -0.00652211
-0.00193556   0.0105579 -0.00717614    0.028316
 0.00704564 -0.00717614   0.0534336  -0.0327093
-0.00652211    0.028316  -0.0327093    0.155627
estimate16.8852
4.77536
3.68422
2.86314
ground_truth16.7983
4.75103
3.66817
3.35704
42["estimate_marker",{"estimate_x":16.8851533817479,"estimate_y":4.77535554533286,"rmse_vx":0.415768116608255,"rmse_vy":0.45875689754676,"rmse_x":0.0641653730375843,"rmse_y":0.096554942581044}]
x_17.0694
4.91851
3.68422
2.86314
x_ = 17.0383
5.03286
3.59489
3.16891
P_ =  0.00401738 -0.00137616  0.00790542 -0.00445882
-0.00137616  0.00844843 -0.00487423   0.0223956
 0.00790542 -0.00487423   0.0704129  -0.0219014
-0.00445882   0.0223956  -0.0219014     0.14002
estimate17.0383
5.03286
3.59489
3.16891
ground_truth16.9799
4.92077
3.59416
3.42897
42["estimate_marker",{"estimate_x":17.0382799087795,"estimate_y":5.03285529627782,"rmse_vx":0.412744317908787,"rmse_vy":0.45649527193844,"rmse_x":0.0640845965523411,"rmse_y":0.0967978691732518}]
x_ = 17.2166
5.16764
3.55426
3.09247
P_ =   0.0043049 -0.00204427  0.00729238 -0.00686429
-0.00204427   0.0105331 -0.00759677   0.0281452
 0.00729238 -0.00759677   0.0546434  -0.0345523
-0.00686429   0.0281452  -0.0345523    0.154643
estimate17.2166
5.16764
3.55426
3.09247
ground_truth17.1579
5.09409
3.51797
3.50008
42["estimate_marker",{"estimate_x":17.2165773643638,"estimate_y":5.16763873421883,"rmse_vx":0.409808499139322,"rmse_vy":0.455833844821624,"rmse_x":0.0640112180675812,"rmse_y":0.0965052134240896}]
x_17.3943
5.32226
3.55426
3.09247
x_ =  17.368
5.37137
3.49072
3.22622
P_ =  0.00406419 -0.00145139  0.00807322 -0.00468935
-0.00145139  0.00841956 -0.00515224   0.0222497
 0.00807322 -0.00515224   0.0712095  -0.0231252
-0.00468935   0.0222497  -0.0231252    0.139318
estimate 17.368
5.37137
3.49072
3.22622
ground_truth17.3319
5.27094
 3.4396
3.57028
42["estimate_marker",{"estimate_x":17.3680483310443,"estimate_y":5.37136951792563,"rmse_vx":0.406957512232948,"rmse_vy":0.454450513205577,"rmse_x":0.0637036083256046,"rmse_y":0.0965615812074357}]
x_ = 17.5342
 5.4982
    3.4
3.10928
P_ =  0.00437107 -0.00214806  0.00751729  -0.0071874
-0.00214806   0.0105066 -0.00792951   0.0280028
 0.00751729 -0.00792951   0.0556673  -0.0360283
 -0.0071874   0.0280028  -0.0360283    0.153875
estimate17.5342
 5.4982
    3.4
3.10928
ground_truth17.5019
5.45128
3.35907
3.63949
42["estimate_marker",{"estimate_x":17.5341865836865,"estimate_y":5.49820126546968,"rmse_vx":0.404150331548425,"rmse_vy":0.455589029121323,"rmse_x":0.0633737920755197,"rmse_y":0.0960479619938618}]
x_17.7042
5.65367
    3.4
3.10928
x_ =  17.721
 5.6374
3.43653
3.06321
P_ =  0.00410993 -0.00152074  0.00822115 -0.00489619
-0.00152074  0.00839163 -0.00536744   0.0221283
 0.00822115 -0.00536744   0.0718768  -0.0240943
-0.00489619   0.0221283  -0.0240943    0.138759
estimate 17.721
 5.6374
3.43653
3.06321
ground_truth17.6679
5.63506
3.27637
3.70762
42["estimate_marker",{"estimate_x":17.7209549761427,"estimate_y":5.63740286870411,"rmse_vx":0.401810148636345,"rmse_vy":0.458701133518889,"rmse_x":0.063243702503318,"rmse_y":0.0953882252370122}]
x_ = 17.8763
5.79304
3.27409
3.03002
P_ =  0.00442651 -0.00223231  0.00766972 -0.00743982
-0.00223231   0.0104917 -0.00810936   0.0279399
